date = 9/14/2019

time.start = 7:00 am

time.end = 6:00pm

name = "Peak+Performance"

details = "%3Cp%3EThe+competition+will+take+place+at+%3Ca+href%3A%22https%3A%2F%2Fwww.google.com%2Fmaps%2Fplace%2FSeattle%2BChristian%2BSchool%2F%4047.4387%2C-122.2742367%2C17z%2Fdata%3D%213m1%214b1%214m5%213m4%211s0x0%3A0x8f03de1158787a2a%218m2%213d47.4387%214d-122.272048%22%3ESeattle+Christian+School%3C%2Fa%3E.%3C%2Fp%3E%0A%3Cp%3E%0AThis+is+the+schedule%3A%0A%3Cul%3E%0A%3Cli%3E7%3A00am+-+Load+In%3C%2Fli%3E%0A%3Cli%3E8%3A30am+-+Opening+Ceremonies%3C%2Fli%3E%0A%3Cli%3E8%3A45am+-+Matches+Start%3C%2Fli%3E%0A%3Cli%3E11%3A00am+-+Lunch+Break%3C%2Fli%3E%0A%3Cli%3E11%3A30am+-+Resume+Matches%3C%2Fli%3E%0A%3Cli%3E1%3A00pm+-+End+Qualifications%3C%2Fli%3E%0A%3Cli%3E1%3A15pm+-+Alliance+Selections%3C%2Fli%3E%0A%3Cli%3E2%3A00pm+-+Start+Playoffs%3C%2Fli%3E%0A%3Cli%3E5%3A30pm+-+End+Playoffs%2C+Awards+Ceremony%3C%2Fli%3E%0A%3Cli%3E6%3A00pm+-+Event+Ends%3C%2Fli%3E%0A%3C%2Ful%3E%0A%3C%2Fp%3E"
